2.91554
2.43818
3.2666
0.810801
8.44644
1.50477
1.17477
204.026
6.39676
9.91103
16.1794
1.12636
20.0697
16.8763
25.7452
31.4169
4.57024
17.9478
28.0088
707.686
2.87224
0.210456
10.6762
27.6708
6.90295
12.5448
4.88033
33.7953
69.1422
15.886
40.8353
8.22658
2.99647
5.28112
45.7201
218.201
164.964
53.6447
8.48979
12.3474
59.4793
37.9097
166.133
1046.43
69.9971
47.3956
34.4723
128.3
13.5534
65.1523
46.2534
29.2607
92.065
147.844
52.4195
382.41
134.87
49.3368
51.8224
48.198
5448.57
58.6268
13.1651
16.0204
82.0686
142.732
44.548
73.7826
21.9251
52.6634
133.739
33.0013
483.48
1423.25
95.6935
154.549
103.007
73.4658
104.797
120.651
107.669
105.404
99.1702
516.693
83.8585
464.006
82.8173
1481.83
275.898
158.254
92.9053
43.5866
11.1141
114.307
60.9607
45.3653
36.8298
118.048
734.533
149.636
1336.25
207.044
229.075
173.592
24.4169
66.3784
59.4529
165.691
766.835
193.198
145.107
173.384
403.703
20.1881
2528.61
10.1462
114.666
99.7151
21.2595
395.872
221.467
67.841
188.489
